
	584 2399 581



	4394 4396 585 4395 


	2398 580 4393 2397



	582 2395 2396 4404 4405



	583 588 2400 4397 4406



	587 2401 4398



	 598 599 2393 4814


	597 2686 4815



	595 596 2392


	612 4836 2383 2386



	608 4839 4840 2382 4838



	606 607 1022 2374 4822



	2375 4823 4824



	604 4825 4826 2379


	609 4828 4827 1823 2378



	586 590 1815 2403 4399



	568 579 2402



	
	605 2376 2377 4829 2380



	593 2390 2391



	591 592 2404 2387 4835



	594 2394 4812 4813



	610 1016 2373 4821



	613 616 2372 4819 4820



	615 2371 2381 4837 1844



	614 2384 2385 611


	600 4831 4832 4830 603


	2388 2389 601 4833 4834


	602 1817 589 4842 4841




	2701 2702 4355


	652 653 4354



	654 2700 4351 4352 4353



	651 655 4356


	657 658 2698 4348

	656 2697 2699 4349 4350

	617 2673 2685 2674 4809

	619 4811 2684 2682

	620 2675 618 4810

	2677 659 2676 4816

	2680 2681 2683 4817 4818

	621 622 623 2678 2679

	627 2691 4794

	629 4793 628 2692

	626 2689 2690 4792

	2688 625 4791

	624 630 2687 4790

	638 2712 4799 2711 2710

	2709 637 2703

	636  2704 2705 4805 4806

	640 2706 4802 4803 4804

	639 2707 4800 4801 2708

	645 2717 646 647



	648 649 650 



	631 632 634 2693



	633 635 2695 2696 2725



	4797 4798 4795 641



	643 644 2713 2714 4845



	642 2715 2716 4796
